[{"id": 0, "img_name": "image000", "width": 1001, "height": 749, "position": [-5.551659800184194, -2.2543963805883975, 1.5595002901912078], "rotation": [[0.9996106337673479, 0.012427437411076266, 0.02498278724711967], [-0.012101964869137874, 0.999840466446725, -0.013137126851077305], [-0.025142062476002557, 0.01282967088388964, 0.999601558742014]], "fy": 852.8342939270931, "fx": 853.5994706155135}, {"id": 1, "img_name": "image001", "width": 1001, "height": 749, "position": [-4.3237866643029745, -2.266524965439698, 1.5202019425354634], "rotation": [[0.9996762668921674, 0.011985708455439753, 0.02244335548355955], [-0.011785025784274036, 0.999889574241807, -0.009052761446206583], [-0.022549380918424757, 0.008785335244549757, 0.9997071287656385]], "fy": 852.8342939270931, "fx": 853.5994706155135}, {"id": 2, "img_name": "image002", "width": 1001, "height": 749, "position": [-3.3621176133072805, -2.274808722740079, 1.1654654092988683], "rotation": [[0.9996164639333182, 0.011356793884476846, 0.025257637777803436], [-0.011079384385752617, 0.9998770537773848, -0.01109615118362238], [-0.025380549148549862, 0.010812056331825713, 0.9996193911498493]], "fy": 852.8342939270931, "fx": 853.5994706155135}, {"id": 3, "img_name": "image003", "width": 1001, "height": 749, "position": [-1.5313088755117894, -2.2356482718324058, 0.943950114305406], "rotation": [[0.9994063790063041, 0.009137968288100581, 0.0332172716681086], [-0.008769736262659682, 0.9998986593086502, -0.011214403178373758], [-0.03331638226744696, 0.010916439361320876, 0.9993852360447797]], "fy": 852.8342939270931, "fx": 853.5994706155135}, {"id": 4, "img_name": "image004", "width": 1001, "height": 749, "position": [-0.8147418536061888, -2.2913497529936158, 0.8999253363146159], "rotation": [[0.999313243817365, 0.009827943238804185, 0.03572747210355937], [-0.009453037127975794, 0.9998986322019936, -0.010647319364018542], [-0.03582849173873889, 0.010302274131333146, 0.9993048495466486]], "fy": 852.8342939270931, "fx": 853.5994706155135}, {"id": 5, "img_name": "image005", "width": 1001, "height": 749, "position": [0.8641146554093249, -2.247041100608691, 0.3508732181951342], "rotation": [[0.9986286177974247, 0.009331352121781157, 0.05151513936295081], [-0.008532447318257232, 0.9998402410503104, -0.01570635919677515], [-0.05165347092660936, 0.015245269562598385, 0.9985486972087027]], "fy": 852.8342939270931, "fx": 853.5994706155135}, {"id": 6, "img_name": "image006", "width": 1001, "height": 749, "position": [2.3929781621275152, -2.1533135731635986, 0.40232388040314127], "rotation": [[0.9975876400612667, 5.343778551129473e-05, 0.06941827959115708], [0.0012173087572376993, 0.9998324725257786, -0.018263215554166934], [-0.06940762606790792, 0.0183036615842703, 0.997420451673328]], "fy": 852.8342939270931, "fx": 853.5994706155135}, {"id": 7, "img_name": "image007", "width": 1001, "height": 749, "position": [3.3677254155378047, -2.385278455033207, 0.3925953937737738], "rotation": [[0.9971277897718405, -0.0034978839982749174, 0.0756566961495085], [0.005122105686710066, 0.9997603289524305, -0.02128494036313626], [-0.07556411117758623, 0.021611327133304586, 0.996906723641424]], "fy": 852.8342939270931, "fx": 853.5994706155135}, {"id": 8, "img_name": "image008", "width": 1001, "height": 749, "position": [4.466635002182264, -1.4405603620263245, 0.9427824320983647], "rotation": [[0.9958867731823369, 0.011153187154555861, 0.08991741442439308], [-0.010354206862394364, 0.9999027045319705, -0.009347292115989687], [-0.09001291796583061, 0.008377821073903856, 0.995905360319609]], "fy": 852.8342939270931, "fx": 853.5994706155135}, {"id": 9, "img_name": "image009", "width": 1001, "height": 749, "position": [4.038335600170957, -1.2402064050219124, 0.8764555505980544], "rotation": [[0.9963252551681202, 0.0028568246366010943, 0.08560271296621248], [-0.0026075144728044757, 0.9999920278764303, -0.0030240786792909875], [-0.08561066979328086, 0.0027897556488223384, 0.9963247615516566]], "fy": 852.8342939270931, "fx": 853.5994706155135}, {"id": 10, "img_name": "image010", "width": 1001, "height": 749, "position": [2.646997234375819, -1.2200236152233175, 0.7753308042652298], "rotation": [[0.997749586180057, -0.0018406061798315616, 0.06702518516509864], [0.0024135901407359543, 0.9999612261437761, -0.008468812884249331], [-0.06700699859087511, 0.008611525876791589, 0.9977153420499837]], "fy": 852.8342939270931, "fx": 853.5994706155135}, {"id": 11, "img_name": "image011", "width": 1001, "height": 749, "position": [1.669082363612429, -1.0006903785939445, 0.5578347461948044], "rotation": [[0.9985624290621238, -0.005862923175210192, 0.053279465062937244], [0.0062406806542156055, 0.9999565377211901, -0.006926512370762222], [-0.05323653980606991, 0.0072490551447624025, 0.9985556178946592]], "fy": 852.8342939270931, "fx": 853.5994706155135}, {"id": 12, "img_name": "image012", "width": 1001, "height": 749, "position": [0.4302931106593367, -0.8195480670260059, 0.19874365178374748], "rotation": [[0.9993764968664793, 0.00019122673547596896, 0.03530695318516614], [0.00026583353474023407, 0.9999162369647975, -0.012940184955819844], [-0.03530647027692914, 0.012941502482117674, 0.9992927352233127]], "fy": 852.8342939270931, "fx": 853.5994706155135}, {"id": 13, "img_name": "image013", "width": 1001, "height": 749, "position": [-0.638175885125134, -0.8393579764369612, 0.3354481224078103], "rotation": [[0.9996980602757015, -0.0005466947011710807, 0.02456602136902361], [0.0008959492061448666, 0.9998986567734273, -0.014208217964125991], [-0.02455576421167994, 0.014225937846054845, 0.9995972374593585]], "fy": 852.8342939270931, "fx": 853.5994706155135}, {"id": 14, "img_name": "image014", "width": 1001, "height": 749, "position": [-2.0169662626626157, -0.6622116883768931, 0.5269345146474584], "rotation": [[0.9999622358750883, -0.0034794361010724354, 0.007963689353119793], [0.003537277414051487, 0.9999673851012256, -0.007260606194604525], [-0.007938166802888492, 0.007288501782646569, 0.999941929938721]], "fy": 852.8342939270931, "fx": 853.5994706155135}, {"id": 15, "img_name": "image015", "width": 1001, "height": 749, "position": [-3.2559115088791457, -0.3130025197163529, 0.44914601902983353], "rotation": [[0.9999531073312333, -0.008300345804141743, -0.004988727106438009], [0.008293370962750521, 0.9999646051656655, -0.0014171852204458734], [0.005000313658666757, 0.0013757454003231304, 0.9999865520035299]], "fy": 852.8342939270931, "fx": 853.5994706155135}, {"id": 16, "img_name": "image016", "width": 1001, "height": 749, "position": [-4.688918934037487, 0.42373726974975934, 0.25091729701258064], "rotation": [[0.9991088301170149, -0.008191388152509842, -0.04140587811343534], [0.00817877747677012, 0.9999664409204311, -0.0004739534905190746], [0.041408370907284185, 0.0001348816541223346, 0.9991422964852124]], "fy": 852.8342939270931, "fx": 853.5994706155135}, {"id": 17, "img_name": "image017", "width": 1001, "height": 749, "position": [-4.079467645058273, 0.7104801785830639, 0.1061491825583247], "rotation": [[0.9994375342403696, -0.008023835074812169, -0.032561222677014015], [0.008212932987161494, 0.9999501535215393, 0.005677869670743254], [0.032514041324914866, -0.005942099203292177, 0.999453615018616]], "fy": 852.8342939270931, "fx": 853.5994706155135}, {"id": 18, "img_name": "image018", "width": 1001, "height": 749, "position": [-2.849812408283322, 0.7399131869524006, -0.22323996047737665], "rotation": [[0.9998123688536019, -0.003871624582713605, -0.01897992651302522], [0.0039854116779917586, 0.999974291312832, 0.005960973675199884], [0.018956359911814213, -0.006035498031647993, 0.9998020950080091]], "fy": 852.8342939270931, "fx": 853.5994706155135}, {"id": 19, "img_name": "image019", "width": 1001, "height": 749, "position": [-1.556243198764959, 0.7363735498103023, -0.34121271687864485], "rotation": [[0.9999977425158086, -0.0002538110232214824, -0.002109631069912361], [0.00025842877419392034, 0.9999975709496097, 0.002188905993654338], [0.0021090703770422024, -0.0021894462416050596, 0.9999953790629734]], "fy": 852.8342939270931, "fx": 853.5994706155135}, {"id": 20, "img_name": "image020", "width": 1001, "height": 749, "position": [-0.4448609500643916, 0.6343009175343394, -0.09272907714933559], "rotation": [[0.9999231027537192, -0.0008189507056782448, 0.01237408174842914], [0.0008207311641893209, 0.9999996535661897, -0.0001388087044959402], [-0.012373963784142353, 0.00014895382500796674, 0.9999234284849149]], "fy": 852.8342939270931, "fx": 853.5994706155135}, {"id": 21, "img_name": "image021", "width": 1001, "height": 749, "position": [0.9186430004133808, 0.7396440797424713, 0.17982553253383332], "rotation": [[0.999523799855108, -0.0011166081942044442, 0.03083709956119017], [0.0008863340224890212, 0.999971630860815, 0.0074800993016340585], [-0.030844577079394326, -0.00744920530676685, 0.9994964339131435]], "fy": 852.8342939270931, "fx": 853.5994706155135}, {"id": 22, "img_name": "image022", "width": 1001, "height": 749, "position": [2.3523659550798723, 0.7282640985286356, -0.1335548969396166], "rotation": [[0.9988668973837045, -6.110902012410425e-05, 0.04759115019349089], [-0.0002195814481038529, 0.9999826137561366, 0.005892704763766159], [-0.04759068285956188, -0.005896477858257694, 0.9988495174218326]], "fy": 852.8342939270931, "fx": 853.5994706155135}, {"id": 23, "img_name": "image023", "width": 1001, "height": 749, "position": [4.193243648181241, 0.8468089088831261, -0.4419541765224897], "rotation": [[0.9971257518119008, -0.009131610658535022, 0.0752120253704973], [0.008864676853593208, 0.999953172054238, 0.0038821647245818806], [-0.07524395376262978, -0.0032042761192426364, 0.9971600072389181]], "fy": 852.8342939270931, "fx": 853.5994706155135}, {"id": 24, "img_name": "image024", "width": 1001, "height": 749, "position": [4.19264611602524, 0.976470325310901, -0.6471431260617395], "rotation": [[0.9965713620468128, -0.005267020814895327, 0.08256984219371899], [0.005210621444054062, 0.9999860209406817, 0.0008985251190570832], [-0.08257342049550186, -0.00046520421136524, 0.9965848753682321]], "fy": 852.8342939270931, "fx": 853.5994706155135}, {"id": 25, "img_name": "image025", "width": 1001, "height": 749, "position": [5.912449934516027, 2.322669398736577, -0.7403063146755282], "rotation": [[0.9943039448361223, -0.01367174627920527, 0.10570122344137148], [0.012234225953542548, 0.9998238096792426, 0.01423633779465051], [-0.10587723550718241, -0.012862074178092955, 0.9942960213383105]], "fy": 852.8342939270931, "fx": 853.5994706155135}, {"id": 26, "img_name": "image026", "width": 1001, "height": 749, "position": [4.991047401725581, 2.401384243095238, -1.0359542529479677], "rotation": [[0.9952582706358928, -0.01656722178140622, 0.09584624089288883], [0.015193038002157242, 0.9997713161767581, 0.015049483262137594], [-0.09607365053497749, -0.013521927105189296, 0.9952823775995662]], "fy": 852.8342939270931, "fx": 853.5994706155135}, {"id": 27, "img_name": "image027", "width": 1001, "height": 749, "position": [3.4272645864479814, 2.396874169872999, -0.5478818055486492], "rotation": [[0.9970082809361712, -0.01595321463160377, 0.07563056715124189], [0.014087824149647148, 0.9995848164183709, 0.025134199740197625], [-0.07600013786454039, -0.023993535145316023, 0.9968190855495299]], "fy": 852.8342939270931, "fx": 853.5994706155135}, {"id": 28, "img_name": "image028", "width": 1001, "height": 749, "position": [2.2766903256383086, 2.4780738924071954, -0.9239372454946737], "rotation": [[0.9977897305938126, -0.01926598202471155, 0.06359619059464451], [0.017902936407689644, 0.999599120955092, 0.021933587344285462], [-0.06399326831401159, -0.020746549651223217, 0.9977346552506133]], "fy": 852.8342939270931, "fx": 853.5994706155135}, {"id": 29, "img_name": "image029", "width": 1001, "height": 749, "position": [1.0471392482018178, 2.5575310039401287, -1.0110426216298727], "rotation": [[0.9986041928555733, -0.020449411073703485, 0.0486979219064563], [0.01942621961912622, 0.9995824056552972, 0.02139243547794677], [-0.04911504863662561, -0.020416559237720094, 0.9985844361426403]], "fy": 852.8342939270931, "fx": 853.5994706155135}, {"id": 30, "img_name": "image030", "width": 1001, "height": 749, "position": [-0.13810147635920858, 2.5651618316599327, -1.1063295460439304], "rotation": [[0.9990397196708847, -0.02163640960347792, 0.038098612827642875], [0.02094948873733367, 0.9996123439696795, 0.01833795804028744], [-0.03848061124208445, -0.017522201999564464, 0.9991057076183291]], "fy": 852.8342939270931, "fx": 853.5994706155135}, {"id": 31, "img_name": "image031", "width": 1001, "height": 749, "position": [-1.7851345665826779, 2.5621913565878325, -1.3859737975500612], "rotation": [[0.9997178347494373, -0.016120822743864276, 0.017446201820386545], [0.01590111395664099, 0.9997934207718664, 0.012659792898285387], [-0.017646684074767917, -0.012378806701393647, 0.9997676528503084]], "fy": 852.8342939270931, "fx": 853.5994706155135}, {"id": 32, "img_name": "image032", "width": 1001, "height": 749, "position": [-2.8276464005731707, 2.716178907905927, -1.341530272454662], "rotation": [[0.9998345286769779, -0.018189713944990176, -0.00022264744530251404], [0.018190474163186178, 0.9996269289561384, 0.02037423754248984], [-0.00014803717075748785, -0.02037491625304939, 0.9997923988872277]], "fy": 852.8342939270931, "fx": 853.5994706155135}, {"id": 33, "img_name": "image033", "width": 1001, "height": 749, "position": [-4.731908649251652, 3.0109412851886828, -1.6760838346636142], "rotation": [[0.9994870516362856, -0.009417906343693954, -0.03060942096000044], [0.009984154830446798, 0.9997808678106382, 0.018399266619311638], [0.03042943088075705, -0.01869543794374068, 0.999362061685536]], "fy": 852.8342939270931, "fx": 853.5994706155135}]